,game_code,date,team,side,opp,pos,PA,AB,R,H,2B,3B,HR,RBI,BB,IBB,K,HBP,SH,SF,GDP,w_park_factor,r_wOBA,r_PA,r_1B_PA,r_2B_PA,r_3B_PA,r_HR_PA,r_BB_PA,r_IBB_PA,r_HBP_PA,r_GDP_PA,r_K_PA,r_SF_PA,r_SH_PA,r_avg_pf,h_wOBA,h_PA,h_1B_PA,h_2B_PA,h_3B_PA,h_HR_PA,h_BB_PA,h_IBB_PA,h_HBP_PA,h_GDP_PA,h_K_PA,h_SF_PA,h_SH_PA,h_avg_pf
0,KCR-2015-08-25,2015-08-25,BAL,A,KCR,SS,3,3,0,1,0,0,0,0,0,0,0,0,0,0,0,306,0.0,1,0.0,0.0,0.0,0.0,0.0,0.0,0.0,0.0,0.0,0.0,0.0,0.0,0.0,1,0.0,0.0,0.0,0.0,0.0,0.0,0.0,0.0,0.0,0.0,0.0,0.0
1,KCR-2015-08-26,2015-08-26,BAL,A,KCR,SS,0,0,0,0,0,0,0,0,0,0,0,0,0,0,0,0,0.294,4,0.25,0.0,0.0,0.0,0.0,0.0,0.0,0.0,0.0,0.0,0.0,76.5,0.297,4,0.25,0.0,0.0,0.0,0.0,0.0,0.0,0.0,0.0,0.0,0.0,76.5
2,KCR-2015-08-27,2015-08-27,BAL,A,KCR,PH SS,3,3,0,2,0,0,0,0,0,0,1,0,0,0,0,306,0.294,4,0.25,0.0,0.0,0.0,0.0,0.0,0.0,0.0,0.0,0.0,0.0,76.5,0.297,4,0.25,0.0,0.0,0.0,0.0,0.0,0.0,0.0,0.0,0.0,0.0,76.5
3,TEX-2015-08-28,2015-08-28,BAL,A,TEX,SS,3,3,1,1,1,0,0,0,0,0,0,0,0,0,0,315,0.44,7,0.429,0.0,0.0,0.0,0.0,0.0,0.0,0.0,0.143,0.0,0.0,87.429,0.446,7,0.429,0.0,0.0,0.0,0.0,0.0,0.0,0.0,0.143,0.0,0.0,87.429
4,TEX-2015-08-29,2015-08-29,BAL,A,TEX,SS,2,1,0,0,0,0,0,1,0,0,0,0,0,1,0,210,0.433,10,0.3,0.1,0.0,0.0,0.0,0.0,0.0,0.0,0.1,0.0,0.0,92.7,0.44,10,0.3,0.1,0.0,0.0,0.0,0.0,0.0,0.0,0.1,0.0,0.0,92.7
5,TEX-2015-08-30,2015-08-30,BAL,A,TEX,SS,3,3,0,0,0,0,0,0,0,0,1,0,0,0,0,315,0.354,12,0.25,0.083,0.0,0.0,0.0,0.0,0.0,0.0,0.083,0.083,0.0,94.75,0.36,12,0.25,0.083,0.0,0.0,0.0,0.0,0.0,0.0,0.083,0.083,0.0,94.75
6,BAL-2015-09-01,2015-09-01,BAL,H,TBR,SS,3,3,0,0,0,0,0,0,0,0,0,0,0,0,0,303,0.278,15,0.2,0.067,0.0,0.0,0.0,0.0,0.0,0.0,0.133,0.067,0.0,96.8,0.283,15,0.2,0.067,0.0,0.0,0.0,0.0,0.0,0.0,0.133,0.067,0.0,96.8
7,TOR-2015-09-05,2015-09-05,BAL,A,TOR,SS,3,3,0,0,0,0,0,0,0,0,1,0,0,0,0,303,0.229,18,0.167,0.056,0.0,0.0,0.0,0.0,0.0,0.0,0.111,0.056,0.0,97.5,0.233,18,0.167,0.056,0.0,0.0,0.0,0.0,0.0,0.0,0.111,0.056,0.0,97.5
8,BAL-2015-09-16,2015-09-16,BAL,H,BOS,SS,1,1,0,1,0,0,0,0,0,0,0,0,0,0,0,101,0.178,18,0.111,0.056,0.0,0.0,0.0,0.0,0.0,0.0,0.167,0.056,0.0,97.333,0.198,21,0.143,0.048,0.0,0.0,0.0,0.0,0.0,0.0,0.143,0.048,0.0,98.0
9,TBR-2015-09-20,2015-09-20,BAL,A,TBR,SS,4,4,2,2,1,0,0,1,0,0,0,0,0,0,0,388,0.126,8,0.125,0.0,0.0,0.0,0.0,0.0,0.0,0.0,0.125,0.0,0.0,88.375,0.231,22,0.182,0.045,0.0,0.0,0.0,0.0,0.0,0.0,0.136,0.045,0.0,98.136
10,BOS-2015-09-27,2015-09-27,BAL,A,BOS,SS,3,3,0,0,0,0,0,0,0,0,0,0,0,0,0,312,0.604,6,0.333,0.167,0.0,0.0,0.0,0.0,0.0,0.0,0.0,0.0,0.0,81.5,0.281,26,0.192,0.077,0.0,0.0,0.0,0.0,0.0,0.0,0.115,0.038,0.0,97.962
11,BAL-2015-09-30,2015-09-30,BAL,H,TOR,SS,1,1,0,0,0,0,0,0,0,0,0,0,0,0,0,101,0.377,9,0.222,0.111,0.0,0.0,0.0,0.0,0.0,0.0,0.0,0.0,0.0,89.0,0.251,29,0.172,0.069,0.0,0.0,0.0,0.0,0.0,0.0,0.103,0.034,0.0,98.586
12,BAL-2015-10-01,2015-10-01,BAL,H,TOR,2B,4,4,0,1,0,0,0,1,0,0,0,0,0,0,0,404,0.335,10,0.2,0.1,0.0,0.0,0.0,0.0,0.0,0.0,0.0,0.0,0.0,90.2,0.242,30,0.167,0.067,0.0,0.0,0.0,0.0,0.0,0.0,0.1,0.033,0.0,98.667
13,BAL-2015-10-03,2015-10-03,BAL,H,NYY,SS,3,3,1,2,1,0,0,0,0,0,0,0,0,0,0,303,0.3,14,0.214,0.071,0.0,0.0,0.0,0.0,0.0,0.0,0.0,0.0,0.0,93.286,0.24,34,0.176,0.059,0.0,0.0,0.0,0.0,0.0,0.0,0.088,0.029,0.0,98.941
14,BAL-2016-05-07,2016-05-07,BAL,H,OAK,SS,4,4,0,0,0,0,0,0,0,0,0,0,0,0,0,400,0.0,1,0.0,0.0,0.0,0.0,0.0,0.0,0.0,0.0,0.0,0.0,0.0,0.0,0.276,37,0.189,0.081,0.0,0.0,0.0,0.0,0.0,0.0,0.081,0.027,0.0,99.108
15,BAL-2016-05-17,2016-05-17,BAL,H,SEA,3B SS,3,3,0,0,0,0,0,0,0,0,0,0,0,0,0,300,0.0,5,0.0,0.0,0.0,0.0,0.0,0.0,0.0,0.0,0.0,0.0,0.0,80.0,0.248,41,0.171,0.073,0.0,0.0,0.0,0.0,0.0,0.0,0.073,0.024,0.0,99.195
16,LAA-2016-05-20,2016-05-20,BAL,A,LAA,3B,5,4,0,1,0,0,0,0,1,0,0,0,0,0,0,485,0.0,8,0.0,0.0,0.0,0.0,0.0,0.0,0.0,0.0,0.0,0.0,0.0,87.5,0.231,44,0.159,0.068,0.0,0.0,0.0,0.0,0.0,0.0,0.068,0.023,0.0,99.25
17,LAA-2016-05-22,2016-05-22,BAL,A,LAA,SS,0,0,0,0,0,0,0,0,0,0,0,0,0,0,0,0,0.131,13,0.077,0.0,0.0,0.0,0.077,0.0,0.0,0.0,0.0,0.0,0.0,91.154,0.24,49,0.163,0.061,0.0,0.0,0.02,0.0,0.0,0.0,0.061,0.02,0.0,99.02
18,HOU-2016-05-26,2016-05-26,BAL,A,HOU,3B,3,2,0,0,0,0,0,0,1,0,1,0,0,0,0,288,0.131,13,0.077,0.0,0.0,0.0,0.077,0.0,0.0,0.0,0.0,0.0,0.0,91.154,0.24,49,0.163,0.061,0.0,0.0,0.02,0.0,0.0,0.0,0.061,0.02,0.0,99.02
19,CLE-2016-05-28,2016-05-28,BAL,A,CLE,SS,1,1,0,0,0,0,0,0,0,0,1,0,0,0,0,104,0.205,12,0.083,0.0,0.0,0.0,0.167,0.0,0.0,0.0,0.083,0.0,0.0,89.417,0.239,52,0.154,0.058,0.0,0.0,0.038,0.0,0.0,0.0,0.077,0.019,0.0,98.846
20,BAL-2016-05-31,2016-05-31,BAL,H,BOS,3B,3,3,1,1,1,0,0,0,0,0,0,0,0,0,0,300,0.188,13,0.077,0.0,0.0,0.0,0.154,0.0,0.0,0.0,0.154,0.0,0.0,90.538,0.234,53,0.151,0.057,0.0,0.0,0.038,0.0,0.0,0.0,0.094,0.019,0.0,98.943
21,BAL-2016-06-05,2016-06-05,BAL,H,NYY,3B,2,1,0,0,0,0,0,0,0,0,0,1,0,0,0,200,0.233,16,0.062,0.062,0.0,0.0,0.125,0.0,0.0,0.0,0.125,0.0,0.0,92.312,0.244,56,0.143,0.071,0.0,0.0,0.036,0.0,0.0,0.0,0.089,0.018,0.0,99.0
22,BAL-2016-06-06,2016-06-06,BAL,H,KCR,3B,2,2,0,1,0,0,0,0,0,0,0,0,0,0,0,200,0.248,18,0.056,0.056,0.0,0.0,0.111,0.0,0.056,0.0,0.111,0.0,0.0,93.167,0.248,58,0.138,0.069,0.0,0.0,0.034,0.0,0.017,0.0,0.086,0.017,0.0,99.034
23,BAL-2016-06-07,2016-06-07,BAL,H,KCR,PR SS,1,1,1,0,0,0,0,0,0,0,0,0,0,0,0,100,0.319,17,0.118,0.059,0.0,0.0,0.118,0.0,0.059,0.0,0.118,0.0,0.0,92.765,0.255,60,0.15,0.067,0.0,0.0,0.033,0.0,0.017,0.0,0.083,0.017,0.0,99.067
24,TOR-2016-06-11,2016-06-11,BAL,A,TOR,3B,3,3,0,1,0,0,0,0,0,0,0,0,0,0,0,300,0.294,13,0.077,0.077,0.0,0.0,0.077,0.0,0.077,0.0,0.154,0.0,0.0,91.692,0.251,61,0.148,0.066,0.0,0.0,0.033,0.0,0.016,0.0,0.082,0.016,0.0,99.082
25,BOS-2016-06-16,2016-06-16,BAL,A,BOS,3B,4,3,1,1,0,0,0,0,1,0,0,0,0,0,0,420,0.31,13,0.154,0.077,0.0,0.0,0.0,0.0,0.077,0.0,0.077,0.0,0.0,92.615,0.253,64,0.156,0.062,0.0,0.0,0.031,0.0,0.016,0.0,0.078,0.016,0.0,99.125
26,BAL-2016-06-17,2016-06-17,BAL,H,TOR,SS,0,0,0,0,0,0,0,0,0,0,0,0,0,0,0,0,0.33,17,0.176,0.059,0.0,0.0,0.059,0.0,0.059,0.0,0.059,0.0,0.0,95.529,0.261,68,0.162,0.059,0.0,0.0,0.044,0.0,0.015,0.0,0.074,0.015,0.0,99.471
27,TEX-2016-06-20,2016-06-20,BAL,A,TEX,3B,4,4,0,1,0,0,0,0,0,0,1,0,0,0,0,432,0.353,16,0.188,0.062,0.0,0.0,0.062,0.0,0.062,0.0,0.0,0.0,0.0,95.0,0.261,68,0.162,0.059,0.0,0.0,0.044,0.0,0.015,0.0,0.074,0.015,0.0,99.471
28,BAL-2017-05-21,2017-05-21,BAL,H,TOR,SS,2,2,0,0,0,0,0,0,0,0,1,0,0,0,0,204,0.0,1,0.0,0.0,0.0,0.0,0.0,0.0,0.0,0.0,0.0,0.0,0.0,0.0,0.298,24,0.167,0.042,0.0,0.0,0.083,0.0,0.042,0.0,0.125,0.0,0.0,97.667
29,HOU-2017-05-26,2017-05-26,BAL,A,HOU,SS,0,0,0,0,0,0,0,0,0,0,0,0,0,0,0,0,0.0,3,0.0,0.0,0.0,0.0,0.0,0.0,0.0,0.0,0.333,0.0,0.0,68.0,0.28,23,0.174,0.043,0.0,0.0,0.043,0.0,0.043,0.0,0.13,0.0,0.0,98.261
30,HOU-2017-05-28,2017-05-28,BAL,A,HOU,SS,3,3,0,0,0,0,0,0,0,0,0,0,0,0,1,291,0.0,3,0.0,0.0,0.0,0.0,0.0,0.0,0.0,0.0,0.333,0.0,0.0,68.0,0.294,22,0.182,0.045,0.0,0.0,0.045,0.0,0.045,0.0,0.091,0.0,0.0,98.0
31,BAL-2017-06-19,2017-06-19,BAL,H,CLE,SS,1,1,0,0,0,0,0,0,0,0,1,0,0,0,0,102,0.0,1,0.0,0.0,0.0,0.0,0.0,0.0,0.0,0.0,0.0,0.0,0.0,0.0,0.098,10,0.1,0.0,0.0,0.0,0.0,0.0,0.0,0.1,0.2,0.0,0.0,92.7
32,BAL-2017-06-21,2017-06-21,BAL,H,CLE,SS,2,2,0,0,0,0,0,0,0,0,2,0,0,0,0,204,0.0,2,0.0,0.0,0.0,0.0,0.0,0.0,0.0,0.0,0.5,0.0,0.0,51.0,0.0,7,0.0,0.0,0.0,0.0,0.0,0.0,0.0,0.143,0.286,0.0,0.0,85.286
33,BAL-2017-06-22,2017-06-22,BAL,H,CLE,SS,0,0,0,0,0,0,0,0,0,0,0,0,0,0,0,0,0.0,4,0.0,0.0,0.0,0.0,0.0,0.0,0.0,0.0,0.75,0.0,0.0,76.5,0.0,9,0.0,0.0,0.0,0.0,0.0,0.0,0.0,0.111,0.444,0.0,0.0,89.0
34,TBR-2017-06-23,2017-06-23,BAL,A,TBR,PR SS,0,0,0,0,0,0,0,0,0,0,0,0,0,0,0,0,0.0,4,0.0,0.0,0.0,0.0,0.0,0.0,0.0,0.0,0.75,0.0,0.0,76.5,0.0,9,0.0,0.0,0.0,0.0,0.0,0.0,0.0,0.111,0.444,0.0,0.0,89.0
35,TBR-2017-06-24,2017-06-24,BAL,A,TBR,SS,4,3,0,1,0,0,0,0,0,0,0,0,1,0,0,384,0.0,4,0.0,0.0,0.0,0.0,0.0,0.0,0.0,0.0,0.75,0.0,0.0,76.5,0.0,9,0.0,0.0,0.0,0.0,0.0,0.0,0.0,0.111,0.444,0.0,0.0,89.0
36,TBR-2017-06-25,2017-06-25,BAL,A,TBR,SS,3,3,0,1,0,0,0,2,0,0,1,0,0,0,0,288,0.146,8,0.125,0.0,0.0,0.0,0.0,0.0,0.0,0.0,0.375,0.0,0.125,86.25,0.08,13,0.077,0.0,0.0,0.0,0.0,0.0,0.0,0.077,0.308,0.0,0.077,91.154
37,TOR-2017-06-27,2017-06-27,BAL,A,TOR,SS,4,3,0,0,0,0,0,0,1,0,0,0,0,0,0,400,0.195,11,0.182,0.0,0.0,0.0,0.0,0.0,0.0,0.0,0.364,0.0,0.091,88.909,0.125,16,0.125,0.0,0.0,0.0,0.0,0.0,0.0,0.062,0.312,0.0,0.062,92.062
38,TOR-2017-06-28,2017-06-28,BAL,A,TOR,SS,3,3,0,0,0,0,0,0,0,0,0,0,0,0,0,300,0.188,15,0.133,0.0,0.0,0.0,0.067,0.0,0.0,0.0,0.267,0.0,0.067,91.867,0.136,20,0.1,0.0,0.0,0.0,0.05,0.0,0.0,0.05,0.25,0.0,0.05,93.65
39,BAL-2017-07-01,2017-07-01,BAL,H,TBR,SS,0,0,0,0,0,0,0,0,0,0,0,0,0,0,0,0,0.153,18,0.111,0.0,0.0,0.0,0.056,0.0,0.0,0.0,0.222,0.0,0.056,93.222,0.117,23,0.087,0.0,0.0,0.0,0.043,0.0,0.0,0.043,0.217,0.0,0.043,94.478
40,MIL-2017-07-04,2017-07-04,BAL,A,MIL,SS,3,3,0,0,0,0,0,0,0,0,1,0,0,0,0,303,0.153,18,0.111,0.0,0.0,0.0,0.056,0.0,0.0,0.0,0.222,0.0,0.056,93.222,0.117,23,0.087,0.0,0.0,0.0,0.043,0.0,0.0,0.043,0.217,0.0,0.043,94.478
41,MIN-2017-07-06,2017-07-06,BAL,A,MIN,SS,3,3,0,0,0,0,0,1,0,0,0,0,0,0,0,303,0.129,21,0.095,0.0,0.0,0.0,0.048,0.0,0.0,0.0,0.238,0.0,0.048,94.333,0.102,26,0.077,0.0,0.0,0.0,0.038,0.0,0.0,0.038,0.231,0.0,0.038,95.231
