,game_code,date,team,side,opp,pos,PA,AB,R,H,2B,3B,HR,RBI,BB,IBB,K,HBP,SH,SF,GDP,w_park_factor,r_wOBA,r_PA,r_1B_PA,r_2B_PA,r_3B_PA,r_HR_PA,r_BB_PA,r_IBB_PA,r_HBP_PA,r_GDP_PA,r_K_PA,r_SF_PA,r_SH_PA,r_avg_pf,h_wOBA,h_PA,h_1B_PA,h_2B_PA,h_3B_PA,h_HR_PA,h_BB_PA,h_IBB_PA,h_HBP_PA,h_GDP_PA,h_K_PA,h_SF_PA,h_SH_PA,h_avg_pf
0,LAD-2015-09-01,2015-09-01,SFG,A,LAD,SS,0,0,0,0,0,0,0,0,0,0,0,0,0,0,0,0,0.0,1,0.0,0.0,0.0,0.0,0.0,0.0,0.0,0.0,0.0,0.0,0.0,0.0,0.0,1,0.0,0.0,0.0,0.0,0.0,0.0,0.0,0.0,0.0,0.0,0.0,0.0
1,LAD-2015-09-02,2015-09-02,SFG,A,LAD,PR SS,0,0,0,0,0,0,0,0,0,0,0,0,0,0,0,0,0.0,1,0.0,0.0,0.0,0.0,0.0,0.0,0.0,0.0,0.0,0.0,0.0,0.0,0.0,1,0.0,0.0,0.0,0.0,0.0,0.0,0.0,0.0,0.0,0.0,0.0,0.0
2,COL-2015-09-05,2015-09-05,SFG,A,COL,1B,5,4,1,1,1,0,0,2,1,0,0,0,0,0,0,580,0.0,1,0.0,0.0,0.0,0.0,0.0,0.0,0.0,0.0,0.0,0.0,0.0,0.0,0.0,1,0.0,0.0,0.0,0.0,0.0,0.0,0.0,0.0,0.0,0.0,0.0,0.0
3,ARI-2015-09-07,2015-09-07,SFG,A,ARI,PH,1,1,0,0,0,0,0,0,0,0,0,0,0,0,0,105,0.389,6,0.0,0.167,0.0,0.0,0.167,0.0,0.0,0.0,0.0,0.0,0.0,96.667,0.394,6,0.0,0.167,0.0,0.0,0.167,0.0,0.0,0.0,0.0,0.0,0.0,96.667
4,ARI-2015-09-09,2015-09-09,SFG,A,ARI,SS,4,4,0,0,0,0,0,0,0,0,1,0,0,0,0,420,0.324,7,0.0,0.143,0.0,0.0,0.143,0.0,0.0,0.0,0.0,0.0,0.0,97.857,0.329,7,0.0,0.143,0.0,0.0,0.143,0.0,0.0,0.0,0.0,0.0,0.0,97.857
5,SFG-2015-09-15,2015-09-15,SFG,H,CIN,PR,0,0,0,0,0,0,0,0,0,0,0,0,0,0,0,0,0.194,11,0.0,0.091,0.0,0.0,0.091,0.0,0.0,0.0,0.091,0.0,0.0,100.455,0.197,11,0.0,0.091,0.0,0.0,0.091,0.0,0.0,0.0,0.091,0.0,0.0,100.455
6,SFG-2015-09-18,2015-09-18,SFG,H,ARI,1B,1,1,0,0,0,0,0,0,0,0,1,0,0,0,0,96,0.194,11,0.0,0.091,0.0,0.0,0.091,0.0,0.0,0.0,0.091,0.0,0.0,100.455,0.197,11,0.0,0.091,0.0,0.0,0.091,0.0,0.0,0.0,0.091,0.0,0.0,100.455
7,SFG-2015-09-20,2015-09-20,SFG,H,ARI,PH,1,1,0,0,0,0,0,0,0,0,1,0,0,0,0,96,0.177,12,0.0,0.083,0.0,0.0,0.083,0.0,0.0,0.0,0.167,0.0,0.0,100.083,0.179,12,0.0,0.083,0.0,0.0,0.083,0.0,0.0,0.0,0.167,0.0,0.0,100.083
8,SDP-2015-09-22,2015-09-22,SFG,A,SDP,PH,1,1,0,0,0,0,0,0,0,0,1,0,0,0,0,95,0.162,13,0.0,0.077,0.0,0.0,0.077,0.0,0.0,0.0,0.231,0.0,0.0,99.769,0.164,13,0.0,0.077,0.0,0.0,0.077,0.0,0.0,0.0,0.231,0.0,0.0,99.769
9,SDP-2015-09-24,2015-09-24,SFG,A,SDP,PH,1,1,0,0,0,0,0,0,0,0,0,0,0,0,0,95,0.149,14,0.0,0.071,0.0,0.0,0.071,0.0,0.0,0.0,0.286,0.0,0.0,99.429,0.152,14,0.0,0.071,0.0,0.0,0.071,0.0,0.0,0.0,0.286,0.0,0.0,99.429
10,SFG-2015-09-30,2015-09-30,SFG,H,LAD,1B,3,3,1,1,0,0,1,1,0,0,1,0,0,0,1,288,0.0,5,0.0,0.0,0.0,0.0,0.0,0.0,0.0,0.0,0.6,0.0,0.0,76.4,0.141,15,0.0,0.067,0.0,0.0,0.067,0.0,0.0,0.0,0.267,0.0,0.0,99.133
11,SFG-2015-10-01,2015-10-01,SFG,H,LAD,SS,2,2,0,0,0,0,0,0,0,0,0,0,0,0,0,192,0.295,8,0.0,0.0,0.0,0.125,0.0,0.0,0.0,0.125,0.5,0.0,0.0,83.75,0.242,18,0.0,0.056,0.0,0.056,0.056,0.0,0.0,0.056,0.278,0.0,0.0,98.611
12,SFG-2015-10-02,2015-10-02,SFG,H,COL,PH,1,1,0,0,0,0,0,0,0,0,1,0,0,0,0,96,0.229,10,0.0,0.0,0.0,0.1,0.0,0.0,0.0,0.1,0.4,0.0,0.0,86.2,0.216,20,0.0,0.05,0.0,0.05,0.05,0.0,0.0,0.05,0.25,0.0,0.0,98.35
13,SFG-2015-10-04,2015-10-04,SFG,H,COL,SS,4,3,0,0,0,0,0,0,1,0,2,0,0,0,0,384,0.206,11,0.0,0.0,0.0,0.091,0.0,0.0,0.0,0.091,0.455,0.0,0.0,87.091,0.205,21,0.0,0.048,0.0,0.048,0.048,0.0,0.0,0.048,0.286,0.0,0.0,98.238
14,PIT-2016-08-11,2016-08-11,SDP,A,PIT,SS,3,3,0,1,0,0,0,0,0,0,1,0,0,0,0,294,0.0,1,0.0,0.0,0.0,0.0,0.0,0.0,0.0,0.0,0.0,0.0,0.0,0.0,0.196,25,0.0,0.04,0.0,0.04,0.08,0.0,0.0,0.04,0.32,0.0,0.0,97.88
15,NYM-2016-08-12,2016-08-12,SDP,A,NYM,SS,3,3,0,0,0,0,0,0,0,0,1,0,0,0,0,282,0.293,4,0.25,0.0,0.0,0.0,0.0,0.0,0.0,0.0,0.25,0.0,0.0,73.5,0.207,28,0.036,0.036,0.0,0.036,0.071,0.0,0.0,0.036,0.321,0.0,0.0,97.893
16,NYM-2016-08-13,2016-08-13,SDP,A,NYM,SS,4,4,0,0,0,0,0,0,0,0,2,0,0,0,0,376,0.146,7,0.143,0.0,0.0,0.0,0.0,0.0,0.0,0.0,0.286,0.0,0.0,82.286,0.186,31,0.032,0.032,0.0,0.032,0.065,0.0,0.0,0.032,0.323,0.0,0.0,97.516
17,TBR-2016-08-16,2016-08-16,SDP,A,TBR,2B,0,0,0,0,0,0,0,0,0,0,0,0,0,0,0,0,0.088,11,0.091,0.0,0.0,0.0,0.0,0.0,0.0,0.0,0.364,0.0,0.0,86.545,0.164,35,0.029,0.029,0.0,0.029,0.057,0.0,0.0,0.029,0.343,0.0,0.0,97.114
18,TBR-2016-08-17,2016-08-17,SDP,A,TBR,2B,3,3,0,2,0,0,0,0,0,0,0,0,0,0,0,291,0.088,11,0.091,0.0,0.0,0.0,0.0,0.0,0.0,0.0,0.364,0.0,0.0,86.545,0.164,35,0.029,0.029,0.0,0.029,0.057,0.0,0.0,0.029,0.343,0.0,0.0,97.114
19,SDP-2016-08-18,2016-08-18,SDP,H,ARI,SS,3,3,0,0,0,0,0,0,0,0,1,0,0,0,0,291,0.203,14,0.214,0.0,0.0,0.0,0.0,0.0,0.0,0.0,0.286,0.0,0.0,88.786,0.198,38,0.079,0.026,0.0,0.026,0.053,0.0,0.0,0.026,0.316,0.0,0.0,97.105
20,SDP-2016-08-19,2016-08-19,SDP,H,ARI,SS,4,2,0,0,0,0,0,1,1,0,0,0,0,1,0,388,0.165,17,0.176,0.0,0.0,0.0,0.0,0.0,0.0,0.0,0.294,0.0,0.0,90.235,0.183,41,0.073,0.024,0.0,0.024,0.049,0.0,0.0,0.024,0.317,0.0,0.0,97.098
