,game_code,date,team,side,opp,pos,PA,AB,R,H,2B,3B,HR,RBI,BB,IBB,K,HBP,SH,SF,GDP,w_park_factor,r_wOBA,r_PA,r_1B_PA,r_2B_PA,r_3B_PA,r_HR_PA,r_BB_PA,r_IBB_PA,r_HBP_PA,r_GDP_PA,r_K_PA,r_SF_PA,r_SH_PA,r_avg_pf,h_wOBA,h_PA,h_1B_PA,h_2B_PA,h_3B_PA,h_HR_PA,h_BB_PA,h_IBB_PA,h_HBP_PA,h_GDP_PA,h_K_PA,h_SF_PA,h_SH_PA,h_avg_pf
0,SEA-2019-07-26,2019-07-26,SEA,H,DET,PH,1,1,0,0,0,0,0,0,0,0,0,0,0,0,0,96,0.0,1,0.0,0.0,0.0,0.0,0.0,0.0,0.0,0.0,0.0,0.0,0.0,0.0,0.0,1,0.0,0.0,0.0,0.0,0.0,0.0,0.0,0.0,0.0,0.0,0.0,0.0
1,SEA-2019-07-27,2019-07-27,SEA,H,DET,RF 1B,5,5,0,2,1,0,0,3,0,0,2,0,0,0,0,480,0.0,2,0.0,0.0,0.0,0.0,0.0,0.0,0.0,0.0,0.0,0.0,0.0,48.0,0.0,2,0.0,0.0,0.0,0.0,0.0,0.0,0.0,0.0,0.0,0.0,0.0,48.0
2,SEA-2019-07-28,2019-07-28,SEA,H,DET,1B,2,2,0,0,0,0,0,0,0,0,1,0,0,0,0,192,0.348,7,0.143,0.143,0.0,0.0,0.0,0.0,0.0,0.0,0.286,0.0,0.0,82.286,0.355,7,0.143,0.143,0.0,0.0,0.0,0.0,0.0,0.0,0.286,0.0,0.0,82.286
3,TEX-2019-07-30,2019-07-30,SEA,A,TEX,1B,0,0,0,0,0,0,0,0,0,0,0,0,0,0,0,0,0.261,9,0.111,0.111,0.0,0.0,0.0,0.0,0.0,0.0,0.333,0.0,0.0,85.333,0.266,9,0.111,0.111,0.0,0.0,0.0,0.0,0.0,0.0,0.333,0.0,0.0,85.333
4,TEX-2019-07-31,2019-07-31,SEA,A,TEX,LF,3,3,0,0,0,0,0,0,0,0,1,0,0,0,0,327,0.261,9,0.111,0.111,0.0,0.0,0.0,0.0,0.0,0.0,0.333,0.0,0.0,85.333,0.266,9,0.111,0.111,0.0,0.0,0.0,0.0,0.0,0.0,0.333,0.0,0.0,85.333
5,HOU-2019-08-03,2019-08-03,SEA,A,HOU,LF,3,2,0,0,0,0,0,0,1,0,0,0,0,0,0,294,0.19,12,0.083,0.083,0.0,0.0,0.0,0.0,0.0,0.0,0.333,0.0,0.0,91.25,0.193,12,0.083,0.083,0.0,0.0,0.0,0.0,0.0,0.0,0.333,0.0,0.0,91.25
6,SEA-2019-08-07,2019-08-07,SEA,H,SDP,1B,0,0,0,0,0,0,0,0,0,0,0,0,0,0,0,0,0.198,15,0.067,0.067,0.0,0.0,0.067,0.0,0.0,0.0,0.267,0.0,0.0,92.6,0.201,15,0.067,0.067,0.0,0.0,0.067,0.0,0.0,0.0,0.267,0.0,0.0,92.6
7,SEA-2019-08-09,2019-08-09,SEA,H,TBR,RF 1B,4,4,1,2,0,0,1,2,0,0,1,0,0,0,0,384,0.198,15,0.067,0.067,0.0,0.0,0.067,0.0,0.0,0.0,0.267,0.0,0.0,92.6,0.201,15,0.067,0.067,0.0,0.0,0.067,0.0,0.0,0.0,0.267,0.0,0.0,92.6
8,CHC-2019-09-02,2019-09-02,SEA,A,CHC,PH,1,1,0,0,0,0,0,0,0,0,1,0,0,0,0,101,0.0,1,0.0,0.0,0.0,0.0,0.0,0.0,0.0,0.0,0.0,0.0,0.0,0.0,0.318,19,0.105,0.053,0.0,0.053,0.053,0.0,0.0,0.0,0.263,0.0,0.0,93.316
9,CHC-2019-09-03,2019-09-03,SEA,A,CHC,LF,4,4,0,1,0,0,0,0,0,0,3,0,0,0,0,404,0.0,2,0.0,0.0,0.0,0.0,0.0,0.0,0.0,0.0,0.5,0.0,0.0,50.5,0.301,20,0.1,0.05,0.0,0.05,0.05,0.0,0.0,0.0,0.3,0.0,0.0,93.7
10,HOU-2019-09-05,2019-09-05,SEA,A,HOU,1B,1,1,0,0,0,0,0,0,0,0,1,0,0,0,0,98,0.174,6,0.167,0.0,0.0,0.0,0.0,0.0,0.0,0.0,0.667,0.0,0.0,84.167,0.287,24,0.125,0.042,0.0,0.042,0.042,0.0,0.0,0.0,0.375,0.0,0.0,94.917
11,HOU-2019-09-08,2019-09-08,SEA,A,HOU,1B,1,1,0,0,0,0,0,0,0,0,1,0,0,0,0,98,0.145,7,0.143,0.0,0.0,0.0,0.0,0.0,0.0,0.0,0.714,0.0,0.0,86.143,0.275,25,0.12,0.04,0.0,0.04,0.04,0.0,0.0,0.0,0.4,0.0,0.0,95.04
