,game_code,date,team,side,opp,pos,PA,AB,R,H,2B,3B,HR,RBI,BB,IBB,K,HBP,SH,SF,GDP,w_park_factor,r_wOBA,r_PA,r_1B_PA,r_2B_PA,r_3B_PA,r_HR_PA,r_BB_PA,r_IBB_PA,r_HBP_PA,r_GDP_PA,r_K_PA,r_SF_PA,r_SH_PA,r_avg_pf,h_wOBA,h_PA,h_1B_PA,h_2B_PA,h_3B_PA,h_HR_PA,h_BB_PA,h_IBB_PA,h_HBP_PA,h_GDP_PA,h_K_PA,h_SF_PA,h_SH_PA,h_avg_pf
0,ARI-2019-06-22,2019-06-22,ARI,H,SFG,PH,1,1,0,1,0,0,0,0,0,0,0,0,0,0,0,101,0.0,1,0.0,0.0,0.0,0.0,0.0,0.0,0.0,0.0,0.0,0.0,0.0,0.0,0.0,1,0.0,0.0,0.0,0.0,0.0,0.0,0.0,0.0,0.0,0.0,0.0,0.0
1,ARI-2019-06-23,2019-06-23,ARI,H,SFG,PH,1,1,0,0,0,0,0,0,0,0,1,0,0,0,0,101,0.87,2,0.5,0.0,0.0,0.0,0.0,0.0,0.0,0.0,0.0,0.0,0.0,50.5,0.88,2,0.5,0.0,0.0,0.0,0.0,0.0,0.0,0.0,0.0,0.0,0.0,50.5
2,ARI-2019-06-24,2019-06-24,ARI,H,LAD,PH,1,1,0,0,0,0,0,0,0,0,1,0,0,0,0,101,0.435,3,0.333,0.0,0.0,0.0,0.0,0.0,0.0,0.0,0.333,0.0,0.0,67.333,0.44,3,0.333,0.0,0.0,0.0,0.0,0.0,0.0,0.0,0.333,0.0,0.0,67.333
3,ARI-2019-06-25,2019-06-25,ARI,H,LAD,PH,1,1,0,0,0,0,0,0,0,0,0,0,0,0,0,101,0.29,4,0.25,0.0,0.0,0.0,0.0,0.0,0.0,0.0,0.5,0.0,0.0,75.75,0.293,4,0.25,0.0,0.0,0.0,0.0,0.0,0.0,0.0,0.5,0.0,0.0,75.75
4,ARI-2019-07-05,2019-07-05,ARI,H,COL,2B,0,0,0,0,0,0,0,0,0,0,0,0,0,0,0,0,0.218,5,0.2,0.0,0.0,0.0,0.0,0.0,0.0,0.0,0.4,0.0,0.0,80.8,0.22,5,0.2,0.0,0.0,0.0,0.0,0.0,0.0,0.0,0.4,0.0,0.0,80.8
5,ARI-2019-07-07,2019-07-07,ARI,H,COL,PH,1,1,0,0,0,0,0,0,0,0,0,0,0,0,0,101,0.218,5,0.2,0.0,0.0,0.0,0.0,0.0,0.0,0.0,0.4,0.0,0.0,80.8,0.22,5,0.2,0.0,0.0,0.0,0.0,0.0,0.0,0.0,0.4,0.0,0.0,80.8
6,STL-2019-07-12,2019-07-12,ARI,A,STL,PH,1,0,1,0,0,0,0,0,1,0,0,0,0,0,0,95,0.174,6,0.167,0.0,0.0,0.0,0.0,0.0,0.0,0.0,0.333,0.0,0.0,84.167,0.176,6,0.167,0.0,0.0,0.0,0.0,0.0,0.0,0.0,0.333,0.0,0.0,84.167
7,STL-2019-07-13,2019-07-13,ARI,A,STL,PH,1,1,0,0,0,0,0,0,0,0,1,0,0,0,0,95,0.138,6,0.0,0.0,0.0,0.0,0.167,0.0,0.0,0.0,0.333,0.0,0.0,83.167,0.262,7,0.143,0.0,0.0,0.0,0.143,0.0,0.0,0.0,0.286,0.0,0.0,85.714
8,STL-2019-07-14,2019-07-14,ARI,A,STL,2B,2,2,0,2,1,0,0,1,0,0,0,0,0,0,0,190,0.138,6,0.0,0.0,0.0,0.0,0.167,0.0,0.0,0.0,0.333,0.0,0.0,82.167,0.224,8,0.125,0.0,0.0,0.0,0.125,0.0,0.0,0.0,0.375,0.0,0.0,86.875
9,TEX-2019-07-17,2019-07-17,ARI,A,TEX,PH SS,1,1,0,0,0,0,0,0,0,0,1,0,0,0,0,109,0.555,6,0.167,0.167,0.0,0.0,0.167,0.0,0.0,0.0,0.167,0.0,0.0,80.167,0.411,10,0.2,0.1,0.0,0.0,0.1,0.0,0.0,0.0,0.3,0.0,0.0,88.5
10,NYM-2019-09-11,2019-09-11,ARI,A,NYM,3B,1,1,0,0,0,0,0,0,0,0,0,0,0,0,0,93,0.0,1,0.0,0.0,0.0,0.0,0.0,0.0,0.0,0.0,0.0,0.0,0.0,0.0,0.37,11,0.182,0.091,0.0,0.0,0.091,0.0,0.0,0.0,0.364,0.0,0.0,90.364
11,NYM-2019-09-12,2019-09-12,ARI,A,NYM,PH,1,1,0,0,0,0,0,0,0,0,1,0,0,0,0,93,0.0,2,0.0,0.0,0.0,0.0,0.0,0.0,0.0,0.0,0.0,0.0,0.0,46.5,0.336,12,0.167,0.083,0.0,0.0,0.083,0.0,0.0,0.0,0.333,0.0,0.0,90.583
12,ARI-2019-09-16,2019-09-16,ARI,H,MIA,PH,1,1,0,0,0,0,0,0,0,0,0,0,0,0,0,101,0.0,3,0.0,0.0,0.0,0.0,0.0,0.0,0.0,0.0,0.333,0.0,0.0,62.0,0.308,13,0.154,0.077,0.0,0.0,0.077,0.0,0.0,0.0,0.385,0.0,0.0,90.769
13,ARI-2019-09-17,2019-09-17,ARI,H,MIA,PH 2B,1,1,0,0,0,0,0,0,0,0,1,0,0,0,0,101,0.0,4,0.0,0.0,0.0,0.0,0.0,0.0,0.0,0.0,0.25,0.0,0.0,71.75,0.284,14,0.143,0.071,0.0,0.0,0.071,0.0,0.0,0.0,0.357,0.0,0.0,91.5
14,ARI-2019-09-18,2019-09-18,ARI,H,MIA,SS 2B,4,4,1,1,0,1,0,2,0,0,0,0,0,0,0,404,0.0,5,0.0,0.0,0.0,0.0,0.0,0.0,0.0,0.0,0.4,0.0,0.0,77.6,0.264,15,0.133,0.067,0.0,0.0,0.067,0.0,0.0,0.0,0.4,0.0,0.0,92.133
15,SDP-2019-09-21,2019-09-21,ARI,A,SDP,2B,4,3,1,2,1,0,0,2,0,0,1,0,0,1,0,384,0.191,9,0.0,0.0,0.111,0.0,0.0,0.0,0.0,0.0,0.222,0.0,0.0,88.0,0.293,19,0.105,0.053,0.053,0.0,0.053,0.0,0.0,0.0,0.316,0.0,0.0,94.0
16,SDP-2019-09-22,2019-09-22,ARI,A,SDP,PH,1,1,0,0,0,0,0,0,0,0,0,0,0,0,0,96,0.301,13,0.077,0.077,0.077,0.0,0.0,0.0,0.0,0.0,0.231,0.077,0.0,90.462,0.336,23,0.13,0.087,0.043,0.0,0.043,0.0,0.0,0.0,0.304,0.043,0.0,94.348
17,ARI-2019-09-23,2019-09-23,ARI,H,STL,PH,1,0,1,0,0,0,0,0,1,0,0,0,0,0,0,101,0.278,14,0.071,0.071,0.071,0.0,0.0,0.0,0.0,0.0,0.214,0.071,0.0,90.857,0.322,24,0.125,0.083,0.042,0.0,0.042,0.0,0.0,0.0,0.292,0.042,0.0,94.417
18,ARI-2019-09-24,2019-09-24,ARI,H,STL,2B,3,2,0,0,0,0,0,0,1,0,1,0,0,0,0,303,0.308,15,0.067,0.067,0.067,0.0,0.067,0.0,0.0,0.0,0.2,0.067,0.0,91.533,0.337,25,0.12,0.08,0.04,0.0,0.08,0.0,0.0,0.0,0.28,0.04,0.0,94.68
19,ARI-2019-09-25,2019-09-25,ARI,H,STL,PH 2B,2,1,1,0,0,0,0,0,1,0,1,0,0,0,0,202,0.294,18,0.056,0.056,0.056,0.0,0.111,0.0,0.0,0.0,0.222,0.056,0.0,93.111,0.325,28,0.107,0.071,0.036,0.0,0.107,0.0,0.0,0.0,0.286,0.036,0.0,95.357
20,ARI-2019-09-28,2019-09-28,ARI,H,SDP,PH 2B,1,1,1,1,0,0,0,0,0,0,0,0,0,0,0,101,0.299,20,0.05,0.05,0.05,0.0,0.15,0.0,0.0,0.0,0.25,0.05,0.0,93.9,0.327,30,0.1,0.067,0.033,0.0,0.133,0.0,0.0,0.0,0.3,0.033,0.0,95.733
21,ARI-2021-05-15,2021-05-15,ARI,H,WSN,2B,1,1,0,0,0,0,0,0,0,0,0,0,0,0,0,101,0.0,1,0.0,0.0,0.0,0.0,0.0,0.0,0.0,0.0,0.0,0.0,0.0,0.0,0.0,1,0.0,0.0,0.0,0.0,0.0,0.0,0.0,0.0,0.0,0.0,0.0,0.0
22,ARI-2021-05-16,2021-05-16,ARI,H,WSN,2B,3,3,0,0,0,0,0,0,0,0,0,0,0,0,1,303,0.0,2,0.0,0.0,0.0,0.0,0.0,0.0,0.0,0.0,0.0,0.0,0.0,50.5,0.0,2,0.0,0.0,0.0,0.0,0.0,0.0,0.0,0.0,0.0,0.0,0.0,50.5
23,LAD-2021-05-17,2021-05-17,ARI,A,LAD,2B,4,3,0,0,0,0,0,0,1,0,0,0,0,0,0,388,0.0,5,0.0,0.0,0.0,0.0,0.0,0.0,0.0,0.2,0.0,0.0,0.0,80.8,0.0,5,0.0,0.0,0.0,0.0,0.0,0.0,0.0,0.2,0.0,0.0,0.0,80.8
24,LAD-2021-05-18,2021-05-18,ARI,A,LAD,PH,1,1,0,0,0,0,0,0,0,0,1,0,0,0,0,97,0.086,9,0.0,0.0,0.0,0.0,0.111,0.0,0.0,0.111,0.0,0.0,0.0,88.0,0.087,9,0.0,0.0,0.0,0.0,0.111,0.0,0.0,0.111,0.0,0.0,0.0,88.0
25,LAD-2021-05-20,2021-05-20,ARI,A,LAD,2B 3B,3,3,0,0,0,0,0,0,0,0,2,0,0,0,0,291,0.077,10,0.0,0.0,0.0,0.0,0.1,0.0,0.0,0.1,0.1,0.0,0.0,88.9,0.078,10,0.0,0.0,0.0,0.0,0.1,0.0,0.0,0.1,0.1,0.0,0.0,88.9
26,COL-2021-05-23,2021-05-23,ARI,A,COL,2B,3,3,0,0,0,0,0,0,0,0,0,0,0,0,0,339,0.058,13,0.0,0.0,0.0,0.0,0.077,0.0,0.0,0.077,0.231,0.0,0.0,90.769,0.058,13,0.0,0.0,0.0,0.0,0.077,0.0,0.0,0.077,0.231,0.0,0.0,90.769
27,ARI-2021-05-25,2021-05-25,ARI,H,SFG,PH,1,1,0,0,0,0,0,0,0,0,1,0,0,0,0,101,0.046,16,0.0,0.0,0.0,0.0,0.062,0.0,0.0,0.062,0.188,0.0,0.0,94.938,0.047,16,0.0,0.0,0.0,0.0,0.062,0.0,0.0,0.062,0.188,0.0,0.0,94.938
28,ARI-2021-05-27,2021-05-27,ARI,H,STL,PH,1,0,0,0,0,0,0,0,1,0,0,0,0,0,0,101,0.043,17,0.0,0.0,0.0,0.0,0.059,0.0,0.0,0.059,0.235,0.0,0.0,95.294,0.044,17,0.0,0.0,0.0,0.0,0.059,0.0,0.0,0.059,0.235,0.0,0.0,95.294
29,ARI-2021-05-28,2021-05-28,ARI,H,STL,PH,1,1,0,0,0,0,0,0,0,0,0,0,0,0,0,101,0.081,18,0.0,0.0,0.0,0.0,0.111,0.0,0.0,0.056,0.222,0.0,0.0,95.611,0.082,18,0.0,0.0,0.0,0.0,0.111,0.0,0.0,0.056,0.222,0.0,0.0,95.611
30,ARI-2021-05-29,2021-05-29,ARI,H,STL,PH,1,1,0,0,0,0,0,0,0,0,0,0,0,0,0,101,0.077,19,0.0,0.0,0.0,0.0,0.105,0.0,0.0,0.053,0.211,0.0,0.0,95.895,0.078,19,0.0,0.0,0.0,0.0,0.105,0.0,0.0,0.053,0.211,0.0,0.0,95.895
31,ARI-2021-05-30,2021-05-30,ARI,H,STL,2B,0,0,0,0,0,0,0,0,0,0,0,0,0,0,0,0,0.073,20,0.0,0.0,0.0,0.0,0.1,0.0,0.0,0.05,0.2,0.0,0.0,96.15,0.074,20,0.0,0.0,0.0,0.0,0.1,0.0,0.0,0.05,0.2,0.0,0.0,96.15
32,ARI-2021-05-31,2021-05-31,ARI,H,NYM,2B,4,4,0,0,0,0,0,0,0,0,3,0,0,0,0,404,0.073,20,0.0,0.0,0.0,0.0,0.1,0.0,0.0,0.05,0.2,0.0,0.0,96.15,0.074,20,0.0,0.0,0.0,0.0,0.1,0.0,0.0,0.05,0.2,0.0,0.0,96.15
33,ARI-2021-06-01,2021-06-01,ARI,H,NYM,PH,1,1,0,0,0,0,0,0,0,0,0,0,0,0,0,101,0.06,24,0.0,0.0,0.0,0.0,0.083,0.0,0.0,0.042,0.292,0.0,0.0,96.958,0.061,24,0.0,0.0,0.0,0.0,0.083,0.0,0.0,0.042,0.292,0.0,0.0,96.958
34,TOR-2021-06-27,2021-06-27,BAL,A,TOR,2B,4,4,0,0,0,0,0,0,0,0,2,0,0,0,0,416,0.0,1,0.0,0.0,0.0,0.0,0.0,0.0,0.0,0.0,0.0,0.0,0.0,0.0,0.058,25,0.0,0.0,0.0,0.0,0.08,0.0,0.0,0.04,0.28,0.0,0.0,97.12
35,HOU-2021-06-28,2021-06-28,BAL,A,HOU,3B,5,4,0,1,0,0,0,0,1,0,0,0,0,0,0,500,0.0,5,0.0,0.0,0.0,0.0,0.0,0.0,0.0,0.0,0.4,0.0,0.0,83.2,0.05,29,0.0,0.0,0.0,0.0,0.069,0.0,0.0,0.034,0.31,0.0,0.0,98.069
36,HOU-2021-06-29,2021-06-29,BAL,A,HOU,2B,5,5,1,1,0,0,0,0,0,0,1,0,0,0,0,500,0.175,10,0.1,0.0,0.0,0.0,0.1,0.0,0.0,0.0,0.2,0.0,0.0,91.6,0.09,34,0.029,0.0,0.0,0.0,0.088,0.0,0.0,0.029,0.265,0.0,0.0,98.353
37,HOU-2021-06-30,2021-06-30,BAL,A,HOU,2B,4,4,0,1,0,0,0,0,0,0,1,0,0,0,0,400,0.175,15,0.133,0.0,0.0,0.0,0.067,0.0,0.0,0.0,0.2,0.0,0.0,94.4,0.102,39,0.051,0.0,0.0,0.0,0.077,0.0,0.0,0.026,0.256,0.0,0.0,98.564
38,LAA-2021-07-02,2021-07-02,BAL,A,LAA,3B,4,2,1,1,0,0,1,1,2,0,1,0,0,0,0,408,0.185,19,0.158,0.0,0.0,0.0,0.053,0.0,0.0,0.0,0.211,0.0,0.0,95.579,0.113,43,0.07,0.0,0.0,0.0,0.07,0.0,0.0,0.023,0.256,0.0,0.0,98.698
39,LAA-2021-07-03,2021-07-03,BAL,A,LAA,3B,3,2,1,0,0,0,0,0,1,0,1,0,0,0,0,306,0.305,23,0.13,0.0,0.0,0.043,0.13,0.0,0.0,0.0,0.217,0.0,0.0,96.696,0.177,47,0.064,0.0,0.0,0.021,0.106,0.0,0.0,0.021,0.255,0.0,0.0,98.979
40,LAA-2021-07-04,2021-07-04,BAL,A,LAA,3B,4,4,0,0,0,0,0,0,0,0,1,0,0,0,1,408,0.296,26,0.115,0.0,0.0,0.038,0.154,0.0,0.0,0.0,0.231,0.0,0.0,97.308,0.18,50,0.06,0.0,0.0,0.02,0.12,0.0,0.0,0.02,0.26,0.0,0.0,99.16
41,BAL-2021-07-06,2021-07-06,BAL,H,TOR,3B,4,4,1,1,0,0,0,0,0,0,1,0,0,0,0,408,0.256,30,0.1,0.0,0.0,0.033,0.133,0.0,0.0,0.033,0.233,0.0,0.0,97.933,0.166,54,0.056,0.0,0.0,0.019,0.111,0.0,0.0,0.037,0.259,0.0,0.0,99.37
42,BAL-2021-07-07,2021-07-07,BAL,H,TOR,3B 2B,4,4,1,2,0,0,0,0,0,0,1,0,0,0,0,408,0.251,34,0.118,0.0,0.0,0.029,0.118,0.0,0.0,0.029,0.235,0.0,0.0,98.412,0.17,58,0.069,0.0,0.0,0.017,0.103,0.0,0.0,0.034,0.259,0.0,0.0,99.552
43,BAL-2021-07-09,2021-07-09,BAL,H,CHW,2B,0,0,0,0,0,0,0,0,0,0,0,0,0,0,0,0,0.272,38,0.158,0.0,0.0,0.026,0.105,0.0,0.0,0.026,0.237,0.0,0.0,98.789,0.188,62,0.097,0.0,0.0,0.016,0.097,0.0,0.0,0.032,0.258,0.0,0.0,99.71
44,BAL-2021-07-10,2021-07-10,BAL,H,CHW,2B 3B,4,3,0,2,0,0,0,2,1,0,0,0,0,0,0,408,0.272,38,0.158,0.0,0.0,0.026,0.105,0.0,0.0,0.026,0.237,0.0,0.0,98.789,0.188,62,0.097,0.0,0.0,0.016,0.097,0.0,0.0,0.032,0.258,0.0,0.0,99.71
45,BAL-2021-07-11,2021-07-11,BAL,H,CHW,2B,3,3,0,0,0,0,0,0,0,0,2,0,0,0,0,306,0.305,42,0.19,0.0,0.0,0.024,0.119,0.0,0.0,0.024,0.214,0.0,0.0,99.095,0.214,66,0.121,0.0,0.0,0.015,0.106,0.0,0.0,0.03,0.242,0.0,0.0,99.848
46,KCR-2021-07-17,2021-07-17,BAL,A,KCR,3B,4,4,0,0,0,0,0,1,0,0,1,0,0,0,0,412,0.284,45,0.178,0.0,0.0,0.022,0.111,0.0,0.0,0.022,0.244,0.0,0.0,99.289,0.205,69,0.116,0.0,0.0,0.014,0.101,0.0,0.0,0.029,0.261,0.0,0.0,99.942
47,KCR-2021-07-18,2021-07-18,BAL,A,KCR,2B,4,3,1,1,1,0,0,0,0,0,0,1,0,0,0,412,0.284,45,0.178,0.0,0.0,0.022,0.111,0.0,0.0,0.022,0.222,0.0,0.0,99.2,0.194,73,0.11,0.0,0.0,0.014,0.096,0.0,0.0,0.027,0.26,0.0,0.0,100.11
48,TBR-2021-07-20,2021-07-20,BAL,A,TBR,2B,0,0,0,0,0,0,0,0,0,0,0,0,0,0,0,0,0.316,39,0.154,0.026,0.0,0.026,0.103,0.0,0.026,0.026,0.231,0.0,0.0,99.385,0.209,77,0.104,0.013,0.0,0.013,0.091,0.0,0.013,0.026,0.247,0.0,0.0,100.26
49,TBR-2021-07-21,2021-07-21,BAL,A,TBR,3B,4,4,0,0,0,0,0,0,0,0,0,0,0,0,1,380,0.327,35,0.143,0.029,0.0,0.029,0.114,0.0,0.029,0.029,0.229,0.0,0.0,99.314,0.209,77,0.104,0.013,0.0,0.013,0.091,0.0,0.013,0.026,0.247,0.0,0.0,100.26
50,BAL-2021-07-25,2021-07-25,BAL,H,WSN,2B,3,2,0,0,0,0,0,0,1,0,1,0,0,0,0,306,0.261,28,0.179,0.036,0.0,0.0,0.036,0.0,0.036,0.036,0.179,0.0,0.0,97.643,0.199,81,0.099,0.012,0.0,0.012,0.086,0.0,0.012,0.037,0.235,0.0,0.0,100.0
51,BAL-2021-07-27,2021-07-27,BAL,H,MIA,2B,3,3,0,0,0,0,0,0,0,0,1,0,0,0,0,306,0.264,27,0.148,0.037,0.0,0.0,0.074,0.0,0.037,0.037,0.185,0.0,0.0,97.481,0.2,84,0.095,0.012,0.0,0.012,0.095,0.0,0.012,0.036,0.238,0.0,0.0,100.071
52,BAL-2021-07-28,2021-07-28,BAL,H,MIA,2B,3,3,0,0,0,0,0,0,0,0,1,0,0,0,0,306,0.204,26,0.077,0.038,0.0,0.0,0.077,0.0,0.038,0.038,0.192,0.0,0.0,97.308,0.193,87,0.092,0.011,0.0,0.011,0.092,0.0,0.011,0.034,0.241,0.0,0.0,100.138
53,DET-2021-07-29,2021-07-29,BAL,A,DET,2B,4,4,0,0,0,0,0,0,0,0,1,0,0,0,1,396,0.182,29,0.069,0.034,0.0,0.0,0.069,0.0,0.034,0.034,0.207,0.0,0.0,97.793,0.187,90,0.089,0.011,0.0,0.011,0.089,0.0,0.011,0.033,0.244,0.0,0.0,100.2
54,DET-2021-08-01,2021-08-01,BAL,A,DET,2B,3,3,0,0,0,0,0,0,0,0,0,0,0,0,0,297,0.106,26,0.0,0.038,0.0,0.0,0.038,0.0,0.038,0.077,0.192,0.0,0.0,96.846,0.179,94,0.085,0.011,0.0,0.011,0.085,0.0,0.011,0.043,0.245,0.0,0.0,100.149
