,game_code,date,team,side,opp,pos,PA,AB,R,H,2B,3B,HR,RBI,BB,IBB,K,HBP,SH,SF,GDP,w_park_factor,r_wOBA,r_PA,r_1B_PA,r_2B_PA,r_3B_PA,r_HR_PA,r_BB_PA,r_IBB_PA,r_HBP_PA,r_GDP_PA,r_K_PA,r_SF_PA,r_SH_PA,r_avg_pf,h_wOBA,h_PA,h_1B_PA,h_2B_PA,h_3B_PA,h_HR_PA,h_BB_PA,h_IBB_PA,h_HBP_PA,h_GDP_PA,h_K_PA,h_SF_PA,h_SH_PA,h_avg_pf
0,SDP-2021-04-03,2021-04-03,ARI,A,SDP,SS,1,1,0,0,0,0,0,0,0,0,1,0,0,0,0,96,0.0,1,0.0,0.0,0.0,0.0,0.0,0.0,0.0,0.0,0.0,0.0,0.0,0.0,0.0,1,0.0,0.0,0.0,0.0,0.0,0.0,0.0,0.0,0.0,0.0,0.0,0.0
1,SDP-2021-04-04,2021-04-04,ARI,A,SDP,SS,4,3,0,0,0,0,0,0,1,1,0,0,0,0,0,384,0.0,2,0.0,0.0,0.0,0.0,0.0,0.0,0.0,0.0,0.5,0.0,0.0,48.0,0.0,2,0.0,0.0,0.0,0.0,0.0,0.0,0.0,0.0,0.5,0.0,0.0,48.0
2,COL-2021-04-06,2021-04-06,ARI,A,COL,SS,6,5,1,1,0,0,0,0,1,0,1,0,0,0,0,678,0.173,6,0.0,0.0,0.0,0.0,0.167,0.167,0.0,0.0,0.167,0.0,0.0,80.0,0.175,6,0.0,0.0,0.0,0.0,0.167,0.167,0.0,0.0,0.167,0.0,0.0,80.0
3,COL-2021-04-08,2021-04-08,ARI,A,COL,SS,2,1,0,0,0,0,0,0,1,0,0,0,0,0,0,226,0.226,12,0.083,0.0,0.0,0.0,0.167,0.083,0.0,0.0,0.167,0.0,0.0,96.5,0.228,12,0.083,0.0,0.0,0.0,0.167,0.083,0.0,0.0,0.167,0.0,0.0,96.5
4,ARI-2021-09-26,2021-09-26,ARI,H,LAD,SS,3,2,0,1,0,0,0,0,1,0,0,0,0,0,0,303,0.0,1,0.0,0.0,0.0,0.0,0.0,0.0,0.0,0.0,0.0,0.0,0.0,0.0,0.248,14,0.071,0.0,0.0,0.0,0.214,0.071,0.0,0.0,0.143,0.0,0.0,98.857
5,SFG-2021-09-28,2021-09-28,ARI,A,SFG,PH,1,1,0,1,1,0,0,0,0,0,0,0,0,0,0,97,0.524,4,0.25,0.0,0.0,0.0,0.25,0.0,0.0,0.0,0.0,0.0,0.0,75.75,0.304,17,0.118,0.0,0.0,0.0,0.235,0.059,0.0,0.0,0.118,0.0,0.0,99.235
6,SFG-2021-09-29,2021-09-29,ARI,A,SFG,SS,3,3,0,2,0,0,0,0,0,0,0,0,0,0,0,291,0.703,5,0.2,0.2,0.0,0.0,0.2,0.0,0.0,0.0,0.0,0.0,0.0,80.0,0.362,18,0.111,0.056,0.0,0.0,0.222,0.056,0.0,0.0,0.111,0.0,0.0,99.111
7,SFG-2021-09-30,2021-09-30,ARI,A,SFG,SS,4,3,0,0,0,0,0,1,1,0,2,0,0,0,0,388,0.653,8,0.375,0.125,0.0,0.0,0.125,0.0,0.0,0.0,0.0,0.0,0.0,86.375,0.398,21,0.19,0.048,0.0,0.0,0.19,0.048,0.0,0.0,0.095,0.0,0.0,98.81
8,ARI-2021-10-01,2021-10-01,ARI,H,COL,SS,4,4,1,1,1,0,0,0,0,0,2,0,0,0,0,404,0.478,12,0.25,0.083,0.0,0.0,0.167,0.0,0.0,0.0,0.167,0.0,0.0,89.917,0.359,25,0.16,0.04,0.0,0.0,0.2,0.04,0.0,0.0,0.16,0.0,0.0,98.52
9,ARI-2021-10-02,2021-10-02,ARI,H,COL,SS,5,4,2,1,0,1,0,0,1,1,0,0,0,0,0,505,0.434,16,0.188,0.125,0.0,0.0,0.125,0.0,0.0,0.0,0.25,0.0,0.0,92.688,0.352,29,0.138,0.069,0.0,0.0,0.172,0.034,0.0,0.0,0.207,0.0,0.0,98.862
10,ARI-2021-10-03,2021-10-03,ARI,H,COL,SS,4,4,1,1,1,0,0,0,0,0,0,0,0,0,0,404,0.461,21,0.143,0.095,0.048,0.0,0.143,0.048,0.0,0.0,0.19,0.0,0.0,94.667,0.379,34,0.118,0.059,0.029,0.0,0.176,0.059,0.0,0.0,0.176,0.0,0.0,99.176
