,game_code,date,team,side,opp,pos,PA,AB,R,H,2B,3B,HR,RBI,BB,IBB,K,HBP,SH,SF,GDP,w_park_factor,r_wOBA,r_PA,r_1B_PA,r_2B_PA,r_3B_PA,r_HR_PA,r_BB_PA,r_IBB_PA,r_HBP_PA,r_GDP_PA,r_K_PA,r_SF_PA,r_SH_PA,r_avg_pf,h_wOBA,h_PA,h_1B_PA,h_2B_PA,h_3B_PA,h_HR_PA,h_BB_PA,h_IBB_PA,h_HBP_PA,h_GDP_PA,h_K_PA,h_SF_PA,h_SH_PA,h_avg_pf
0,SFG-2021-04-24,2021-04-24,MIA,A,SFG,2B,3,3,0,0,0,0,0,0,0,0,3,0,0,0,0,291,0.0,1,0.0,0.0,0.0,0.0,0.0,0.0,0.0,0.0,0.0,0.0,0.0,0.0,0.0,1,0.0,0.0,0.0,0.0,0.0,0.0,0.0,0.0,0.0,0.0,0.0,0.0
1,MIL-2021-04-26,2021-04-26,MIA,A,MIL,PH 2B,1,0,0,0,0,0,0,1,0,0,0,0,0,1,0,100,0.0,4,0.0,0.0,0.0,0.0,0.0,0.0,0.0,0.0,0.75,0.0,0.0,72.75,0.0,4,0.0,0.0,0.0,0.0,0.0,0.0,0.0,0.0,0.75,0.0,0.0,72.75
2,MIL-2021-04-27,2021-04-27,MIA,A,MIL,2B,3,3,0,0,0,0,0,0,0,0,1,0,0,0,0,300,0.0,5,0.0,0.0,0.0,0.0,0.0,0.0,0.0,0.0,0.6,0.2,0.0,78.2,0.0,5,0.0,0.0,0.0,0.0,0.0,0.0,0.0,0.0,0.6,0.2,0.0,78.2
3,WSN-2021-04-30,2021-04-30,MIA,A,WSN,PR 2B,0,0,1,0,0,0,0,0,0,0,0,0,0,0,0,0,0.0,8,0.0,0.0,0.0,0.0,0.0,0.0,0.0,0.0,0.5,0.125,0.0,86.375,0.0,8,0.0,0.0,0.0,0.0,0.0,0.0,0.0,0.0,0.5,0.125,0.0,86.375
4,WSN-2021-05-02,2021-05-02,MIA,A,WSN,SS,3,3,0,1,0,0,0,0,0,0,0,0,0,0,0,303,0.0,8,0.0,0.0,0.0,0.0,0.0,0.0,0.0,0.0,0.5,0.125,0.0,86.375,0.0,8,0.0,0.0,0.0,0.0,0.0,0.0,0.0,0.0,0.5,0.125,0.0,86.375
5,MIA-2021-05-04,2021-05-04,MIA,H,ARI,PH,1,1,0,0,0,0,0,0,0,0,0,0,0,0,0,97,0.088,11,0.091,0.0,0.0,0.0,0.0,0.0,0.0,0.0,0.364,0.091,0.0,90.364,0.088,11,0.091,0.0,0.0,0.0,0.0,0.0,0.0,0.0,0.364,0.091,0.0,90.364
6,MIA-2021-05-05,2021-05-05,MIA,H,ARI,PH,1,1,1,1,0,0,0,0,0,0,0,0,0,0,0,97,0.08,12,0.083,0.0,0.0,0.0,0.0,0.0,0.0,0.0,0.333,0.083,0.0,90.917,0.08,12,0.083,0.0,0.0,0.0,0.0,0.0,0.0,0.0,0.333,0.083,0.0,90.917
7,MIA-2021-05-07,2021-05-07,MIA,H,MIL,PH,1,1,0,0,0,0,0,0,0,0,1,0,0,0,0,97,0.146,13,0.154,0.0,0.0,0.0,0.0,0.0,0.0,0.0,0.308,0.077,0.0,91.385,0.147,13,0.154,0.0,0.0,0.0,0.0,0.0,0.0,0.0,0.308,0.077,0.0,91.385
8,MIA-2021-05-24,2021-05-24,MIA,H,PHI,PH 2B,1,1,0,0,0,0,0,0,0,0,0,0,0,0,0,97,0.293,4,0.25,0.0,0.0,0.0,0.0,0.0,0.0,0.0,0.25,0.0,0.0,72.75,0.136,14,0.143,0.0,0.0,0.0,0.0,0.0,0.0,0.0,0.357,0.071,0.0,91.786
9,MIA-2021-05-26,2021-05-26,MIA,H,PHI,SS 2B,4,3,1,2,0,0,0,1,0,0,0,1,0,0,0,388,0.0,3,0.0,0.0,0.0,0.0,0.0,0.0,0.0,0.0,0.333,0.0,0.0,64.667,0.126,15,0.133,0.0,0.0,0.0,0.0,0.0,0.0,0.0,0.333,0.067,0.0,92.133
10,MIA-2021-05-27,2021-05-27,MIA,H,PHI,2B SS,1,0,1,0,0,0,0,0,1,0,0,0,0,0,0,97,0.413,7,0.286,0.0,0.0,0.0,0.0,0.0,0.143,0.0,0.143,0.0,0.0,83.143,0.237,19,0.211,0.0,0.0,0.0,0.0,0.0,0.053,0.0,0.263,0.053,0.0,93.158
11,BOS-2021-05-28,2021-05-28,MIA,A,BOS,SS,2,2,0,0,0,0,0,0,0,0,0,0,0,0,0,210,0.529,7,0.286,0.0,0.0,0.0,0.143,0.0,0.143,0.0,0.0,0.0,0.0,83.143,0.261,20,0.2,0.0,0.0,0.0,0.05,0.0,0.05,0.0,0.25,0.05,0.0,93.35
12,BOS-2021-05-29,2021-05-29,MIA,A,BOS,SS,4,4,0,1,1,0,0,0,0,0,2,0,0,0,0,420,0.396,9,0.222,0.0,0.0,0.0,0.111,0.0,0.111,0.0,0.0,0.0,0.0,88.0,0.236,22,0.182,0.0,0.0,0.0,0.045,0.0,0.045,0.0,0.227,0.045,0.0,94.409
13,TOR-2021-06-01,2021-06-01,MIA,A,TOR,PH,1,1,0,0,0,0,0,0,0,0,1,0,0,0,0,104,0.368,13,0.154,0.077,0.0,0.0,0.077,0.0,0.077,0.0,0.154,0.0,0.0,93.231,0.248,26,0.154,0.038,0.0,0.0,0.038,0.0,0.038,0.0,0.269,0.038,0.0,96.038
14,TOR-2021-06-02,2021-06-02,MIA,A,TOR,2B,4,3,1,1,0,0,0,0,1,0,1,0,0,0,0,416,0.34,14,0.143,0.071,0.0,0.0,0.071,0.0,0.071,0.0,0.214,0.0,0.0,94.0,0.238,27,0.148,0.037,0.0,0.0,0.037,0.0,0.037,0.0,0.296,0.037,0.0,96.333
15,PIT-2021-06-03,2021-06-03,MIA,A,PIT,PH,1,1,0,0,0,0,0,0,0,0,0,0,0,0,0,100,0.352,18,0.167,0.056,0.0,0.0,0.111,0.0,0.056,0.0,0.222,0.0,0.0,96.222,0.259,31,0.161,0.032,0.0,0.0,0.065,0.0,0.032,0.0,0.29,0.032,0.0,97.323
16,PIT-2021-06-04,2021-06-04,MIA,A,PIT,2B,4,4,0,2,2,0,0,2,0,0,0,0,0,0,0,400,0.332,19,0.158,0.053,0.0,0.0,0.105,0.0,0.053,0.0,0.211,0.0,0.0,96.421,0.251,32,0.156,0.031,0.0,0.0,0.062,0.0,0.031,0.0,0.281,0.031,0.0,97.406
17,PIT-2021-06-05,2021-06-05,MIA,A,PIT,2B,6,6,0,0,0,0,0,0,0,0,2,0,0,0,0,600,0.385,23,0.13,0.13,0.0,0.0,0.087,0.0,0.043,0.0,0.174,0.0,0.0,97.043,0.293,36,0.139,0.083,0.0,0.0,0.056,0.0,0.028,0.0,0.25,0.028,0.0,97.694
18,MIA-2021-06-09,2021-06-09,MIA,H,COL,PR 2B,0,0,0,0,0,0,0,0,0,0,0,0,0,0,0,0,0.302,29,0.103,0.103,0.0,0.0,0.069,0.0,0.034,0.0,0.207,0.0,0.0,97.655,0.25,42,0.119,0.071,0.0,0.0,0.048,0.0,0.024,0.0,0.262,0.024,0.0,98.024
19,MIA-2021-06-10,2021-06-10,MIA,H,COL,2B,4,3,2,2,0,0,0,1,1,0,0,0,0,0,0,388,0.302,29,0.103,0.103,0.0,0.0,0.069,0.0,0.034,0.0,0.207,0.0,0.0,97.655,0.25,42,0.119,0.071,0.0,0.0,0.048,0.0,0.024,0.0,0.262,0.024,0.0,98.024
20,MIA-2021-06-13,2021-06-13,MIA,H,ATL,2B,1,1,0,0,0,0,0,0,0,0,0,0,0,0,0,97,0.341,33,0.152,0.091,0.0,0.0,0.091,0.0,0.03,0.0,0.182,0.0,0.0,97.576,0.283,46,0.152,0.065,0.0,0.0,0.065,0.0,0.022,0.0,0.239,0.022,0.0,97.935
